16
----------------------------------------------------------
Size .txt = 162
55.560242	32.939785	20.949522	61.691231	
74.243416	23.489840	2.660297	53.439308	
95.737793	0.304908	85.222351	27.085993	
92.316353	82.875206	78.254280	62.192554	
----------------------------------------------------------
Size .bin = 226
55.560242	32.939785	20.949522	61.691231	
74.243416	23.489840	2.660297	53.439308	
95.737793	0.304908	85.222351	27.085993	
92.316353	82.875206	78.254280	62.192554	
----------------------------------------------------------
55.560242	32.939785	20.949522	61.691231	
74.243416	23.489840	2.660297	53.439308	
95.737793	0.304908	85.222351	27.085993	
92.316353	82.875206	78.254280	62.192554	
----------------------------------------------------------
