Podaj zakres
167
267
454
321
554
197
553
147
710
490
180
668
103
662
211
603
518
677
98
461
680
285
654
725
247
451
677
723
276
559
166
480
760
657
735
564
104
434
748
747
71
75
665
211
774
810
747
542
633
96
149
563
314
841
434
598
438
257
467
648
67
670
378
760
577
259
574
614
731
469
507
735
477
423
196
397
483
193
85
262
222
272
75
573
259
546
317
630
840
821
528
840
637
840
850
464
349
571
224
226
186
769
211
700
338
340
243
754
571
365
266
726
570
274
446
79
753
800
747
843
768
525
830
655
511
826
266
111
647
423
374
83
338
519
716
713
109
209
613
717
508
129
590
328
336
286
341
339
232
234
329
250
692
409
839
454
485
355
602
279
815
122
295
300
678
262
263
825
404
810
688
845
189
424
320
459
643
698
835
126
78
414
309
807
756
398
407
492
686
155
704
648
315
249
198
139
548
394
110
99
454
732
194
681
406
447
390
300
291
371
359
406
823
705
360
725
250
804
363
186
106
317
84
354
604
215
530
298
647
574
330
351
556
458
178
108
155
501
341
484
123
737
823
92
589
433
67
89
384
468
208
527
822
226
131
572
478
594
121
375
418
488
764
120
196
88
162
285
627
540
806
787
424
92
812
263
459
129
285
93
530
426
657
603
689
721
321
314
565
479
726
130
114
636
287
243
762
486
461
535
173
517
468
634
543
530
830
252
696
261
278
373
724
185
122
560
839
480
124
654
106
783
821
257
566
255
433
578
778
145
259
97
595
764
768
284
544
744
573
386
151
101
796
809
219
168
619
204
686
676
109
725
605
76
128
421
368
598
145
293
676
441
427
418
455
342
739
145
336
563
569
421
597
511
480
750
613
245
204
445
67
246
420
709
360
585
277
765
329
459
204
256
834
669
711
435
261
700
618
530
409
333
201
153
777
614
836
640
792
290
335
109
574
792
752
80
523
279
778
103
671
233
396
755
152
253
441
346
99
205
809
442
575
261
632
602
808
718
389
851
154
761
210
661
700
108
674
473
424
703
613
346
186
155
351
271
445
725
550
478
180
609
170
688
803
735
437
75
599
76
72
686
770
215
598
616
361
418
340
822
371
99
314
490
292
703
694
670
574
494
294
688
250
501
522
303
382
209
311
231
218
316
851
135
569
595
788
180
263
274
148
672
411
500
308
636
349
253
452
69
680
784
794
180
535
567
417
851
709
661
228
178
228
329
350
730
174
284
843
475
596
241
397
153
674
742
826
169
141
528
276
72
562
216
185
244
820
535
345
780
447
506
104
608
86
387
588
297
708
681
809
450
68
352
640
676
241
612
95
315
391
408
320
99
662
543
276
628
328
554
554
708
311
695
566
434
228
300
664
187
231
620
570
233
118
357
159
292
219
291
645
543
633
215
576
441
691
102
215
166
694
807
124
151
752
624
622
231
174
432
351
339
302
67
609
458
461
805
787
614
242
578
407
125
831
233
499
772
269
752
84
213
809
246
401
707
120
169
84
331
638
368
707
87
473
462
582
184
517
515
835
693
240
389
68
321
555
501
239
74
503
361
324
458
540
658
415
697
77
537
174
649
838
815
773
561
423
501
679
191
162
660
134
439
299
135
693
105
569
183
216
322
477
474
817
267
278
379
110
289
849
217
188
150
178
107
645
639
645
574
763
740
484
830
430
717
111
373
755
718
489
221
290
112
628
254
312
157
566
355
483
665
610
604
748
825
748
643
610
539
467
623
529
98
703
105
852
852
412
753
820
834
120
256
197
786
443
442
89
259
835
609
174
695
359
173
666
357
749
527
829
467
296
504
602
250
647
600
248
205
603
214
289
760
507
419
692
201
112
818
393
93
573
501
721
182
711
637
472
710
310
551
323
644
306
71
827
99
604
221
341
353
472
563
260
125
233
202
259
278
167
690
408
673
441
379
106
298
162
511
154
406
313
515
300
552
519
273
688
374
531
175
764
149
775
170
311
258
410
608
469
510
548
810
433
135
439
472
470
535
234
661
191
584
322
424
282
775
734
220
399
411
432
309
597
353
517
841
649
73
699
264
620
393
325
199
565
697
709
285
482
193
93
606
710
348
280
242
373
160
395
705
504
760
265
247
363
715
339
158
721
288
460
487
615
718
723
430
665
578
649
294
808
675
833
768
273
364
156
684
457
588
535
212
494
837
496
108
698
768
303
565
203
696
302
68
664
172
431
476
787
330
807
846
255
786
760
462
400
850
292
791
688
77
149
433
848
578
474
796
597
710
612
837
657
847
155
571
269
623
Posortowane:
852
852
851
851
851
850
850
849
848
847
846
845
843
843
841
841
840
840
840
839
839
838
837
837
836
835
835
835
834
834
833
831
830
830
830
829
827
826
826
825
825
823
823
822
822
821
821
820
820
818
817
815
815
812
810
810
810
809
809
809
809
808
808
807
807
807
806
805
804
803
800
796
796
794
792
792
791
788
787
787
787
786
786
784
783
780
778
778
777
775
775
774
773
772
770
769
768
768
768
768
765
764
764
764
763
762
761
760
760
760
760
760
756
755
755
754
753
753
752
752
752
750
749
748
748
748
747
747
747
744
742
740
739
737
735
735
735
734
732
731
730
726
726
725
725
725
725
724
723
723
721
721
721
718
718
718
717
717
716
715
713
711
711
710
710
710
710
709
709
709
708
708
707
707
705
705
704
703
703
703
700
700
700
699
698
698
697
697
696
696
695
695
694
694
693
693
692
692
691
690
689
688
688
688
688
688
686
686
686
684
681
681
680
680
679
678
677
677
676
676
676
675
674
674
673
672
671
670
670
669
668
666
665
665
665
664
664
662
662
661
661
661
660
658
657
657
657
655
654
654
649
649
649
648
648
647
647
647
645
645
645
644
643
643
640
640
639
638
637
637
636
636
634
633
633
632
630
628
628
627
624
623
623
622
620
620
619
618
616
615
614
614
614
613
613
613
612
612
610
610
609
609
609
608
608
606
605
604
604
604
603
603
603
602
602
602
600
599
598
598
598
597
597
597
596
595
595
594
590
589
588
588
585
584
582
578
578
578
578
577
576
575
574
574
574
574
574
573
573
573
572
571
571
571
570
570
569
569
569
567
566
566
566
565
565
565
564
563
563
563
562
561
560
559
556
555
554
554
554
553
552
551
550
548
548
546
544
543
543
543
542
540
540
539
537
535
535
535
535
535
531
530
530
530
530
529
528
528
527
527
525
523
522
519
519
518
517
517
517
515
515
511
511
511
510
508
507
507
506
504
504
503
501
501
501
501
501
500
499
496
494
494
492
490
490
489
488
487
486
485
484
484
483
483
482
480
480
480
479
478
478
477
477
476
475
474
474
473
473
472
472
472
470
469
469
468
468
467
467
467
464
462
462
461
461
461
460
459
459
459
458
458
458
457
455
454
454
454
452
451
450
447
447
446
445
445
443
442
442
441
441
441
441
439
439
438
437
435
434
434
434
433
433
433
433
432
432
431
430
430
427
426
424
424
424
424
423
423
423
421
421
420
419
418
418
418
417
415
414
412
411
411
410
409
409
408
408
407
407
406
406
406
404
401
400
399
398
397
397
396
395
394
393
393
391
390
389
389
387
386
384
382
379
379
378
375
374
374
373
373
373
371
371
368
368
365
364
363
363
361
361
360
360
359
359
357
357
355
355
354
353
353
352
351
351
351
350
349
349
348
346
346
345
342
341
341
341
340
340
339
339
339
338
338
336
336
335
333
331
330
330
329
329
329
328
328
325
324
323
322
322
321
321
321
320
320
317
317
316
315
315
314
314
314
313
312
311
311
311
310
309
309
308
306
303
303
302
302
300
300
300
300
299
298
298
297
296
295
294
294
293
292
292
292
291
291
290
290
289
289
288
287
286
285
285
285
285
284
284
282
280
279
279
278
278
278
277
276
276
276
274
274
273
273
272
271
269
269
267
267
266
266
265
264
263
263
263
262
262
261
261
261
260
259
259
259
259
259
258
257
257
256
256
255
255
254
253
253
252
250
250
250
250
249
248
247
247
246
246
245
244
243
243
242
242
241
241
240
239
234
234
233
233
233
233
232
231
231
231
228
228
228
226
226
224
222
221
221
220
219
219
218
217
216
216
215
215
215
215
214
213
212
211
211
211
210
209
209
208
205
205
204
204
204
203
202
201
201
199
198
197
197
196
196
194
193
193
191
191
189
188
187
186
186
186
185
185
184
183
182
180
180
180
180
178
178
178
175
174
174
174
174
173
173
172
170
170
169
169
168
167
167
166
166
162
162
162
160
159
158
157
156
155
155
155
155
154
154
153
153
152
151
151
150
149
149
149
148
147
145
145
145
141
139
135
135
135
134
131
130
129
129
128
126
125
125
124
124
123
122
122
121
120
120
120
118
114
112
112
111
111
110
110
109
109
109
108
108
108
107
106
106
106
105
105
104
104
103
103
102
101
99
99
99
99
99
98
98
97
96
95
93
93
93
92
92
89
89
88
87
86
85
84
84
84
83
80
79
78
77
77
76
76
75
75
75
74
73
72
72
71
71
69
68
68
68
67
67
67
67
